57158
38896
50904
67892
33838
81275
49435
26430
13054
9043
87103
52106
56118
88615
1468
33381
83652
3266
47433
41790
51563
79494
2348
39737
65664
48040
56490
25843
95630
57992
55740
14381
20057
7372
72834
3863
20063
95832
14418
76154
1851
5868
64233
51681
18083
8249
22018
48261
55057
63905
5700
97780
32254
82538
56181
1118
91242
33279
17165
61723
12345
99556
26501
72924
31543
21427
41294
78060
53340
55384
30302
84451
86283
96101
67206
39368
78676
11347
88383
36799
35193
12342
92802
92982
41326
66811
31926
83848
71641
70880
55844
46541
58745
60720
54311
99647
95620
29915
34016
7144
27080
99182
22789
70509
20338
41203
58649
55153
47853
29832
30423
33287
5475
8052
19944
77689
639
13420
980
90446
27602
51329
69045
44507
53268
40002
63879
40265
44483
92470
42427
68478
81095
91950
35499
92587
74454
61035
81192
24978
78771
16428
94863
18929
98992
6193
84602
76303
25877
36721
78002
42658
8697
71220
3970
4091
90189
53838
94183
36655
58680
88921
34756
27938
47645
4909
53906
34162
78649
71391
67477
82685
22216
66932
40457
63280
41063
71360
36315
96654
85492
50335
38004
84313
36529
49326
87056
40992
33800
67079
75597
50052
14440
18456
39839
8008
76974
44063
69280
2645
52191
41412
18917
89416
48817
50675
46987
20953
93514
52020
28432
68745
62880
69577
2847
67654
34303
27779
59459
40413
67625
37185
89852
43134
23895
39175
38736
56229
53342
87703
1176
64266
52173
66766
51611
30630
7890
45725
78009
10944
20637
82594
5181
1939
8893
77667
15062
99582
66342
67495
12255
42473
53075
13937
23865
48334
98696
79161
46234
70283
5009
24009
96415
58819
21190
9873
9117
81643
39600
47687
12149
85816
73349
97151
92934
22531
13935
12002
62845
36789
78442
24942
50599
81493
75852
3786
59239
31531
55584
9956
51106
23440
22955
95977
48248
21652
41359
94273
91437
99852
74701
99588
24389
30678
66085
70749
75855
46090
39578
77721
14392
73503
68305
39500
88416
6550
54615
24321
2794
56423
49122
55067
75180
62983
6256
97388
44839
14451
54732
62257
70992
16283
34767
29961
54125
4845
84482
88753
92091
30205
16930
36061
83276
96367
5852
22292
86510
74145
66328
5128
5606
60631
8019
8049
94940
41700
67140
25158
5232
12305
86272
52055
55626
23022
21880
95657
74159
29651
71328
11087
14351
96593
71819
99873
1276
80985
63506
19132
75925
3881
54003
46070
4832
67087
53334
23996
65590
91547
77163
33674
59095
21605
35119
43941
3999
41720
43406
81913
93649
698
8706
64459
52911
80760
84025
3930
42380
88307
2005
76822
4600
8161
34764
38301
86747
23490
2032
85998
87517
61184
58601
61868
15841
34081
3006
3889
59090
57165
40691
88908
14806
13558
29356
94936
22879
1992
22384
51579
37888
71855
62409
32632
69277
33951
70183
93649
9051
77061
15940
92188
78998
62984
610
27680
77521
9786
72721
47085
30312
11809
85549
28406
88962
32156
42467
15788
21315
48308
99476
34296
38909
15618
46355
5236
39878
11255
6120
69446
89668
59115
90775
70586
89413
51205
16827
80795
4620
83652
74667
70062
10085
50888
33502
23244
42746
85056
83019
17562
32126
25137
82058
60294
6438
99135
73558
30847
50904
97307
9427
50769
91291
57769
39628
47228
51406
42349
49750
39121
13045
15442
34289
95145
59149
95798
26572
98657
54561
20789
99463
69653
40821
22737
73908
57912
65183
46075
89207
29741
99766
29377
4973
46374
39715
14931
96392
7510
75444
33971
61848
14357
56719
63289
95014
23760
73508
47936
1882
92810
17531
94865
93884
38835
97164
49225
54423
4418
50381
47178
50489
83378
50502
36795
74936
58391
52384
62365
82831
63644
97788
47435
77221
6843
37601
67916
3823
14648
38349
91865
35339
11994
34508
12037
33197
93606
32967
93038
69495
76761
69299
52223
48545
47586
57002
79839
96793
14779
51671
65690
81124
78850
7339
89257
57154
40440
23308
76800
52207
21876
94413
76117
72901
35845
36025
67560
255
47523
80617
73011
153
49745
37493
67183
89427
5265
75271
66080
7092
75523
4715
5566
98987
32252
38466
98018
77169
13855
21110
79017
85419
26938
60520
11560
13259
1824
77477
27340
95861
35518
64983
16012
45119
10492
824
5934
63314
55155
31681
40754
2030
87141
31648
52351
93097
75101
79208
13640
56215
77540
45058
80027
46982
75933
19490
78214
96353
37822
44788
76262
97044
45547
57685
5837
33967
40465
26558
14447
52611
9307
92827
89193
67593
25397
7674
77935
1442
58523
61791
66833
83577
76092
6773
3497
91493
47313
89150
2467
25066
75924
53771
34345
19071
19710
24871
76010
5131
13761
65773
45767
32073
57439
44219
62330
44618
35365
49886
75523
48441
70824
66636
17936
68985
48922
13841
67656
67275
92009
44161
75444
78284
16181
57965
26602
82779
5035
55600
71960
43449
93794
21321
76649
56872
25521
35971
18039
7062
63500
96047
67534
62771
13625
26931
5241
88573
65619
10108
86795
50973
51290
39279
7179
37002
98581
37598
22621
32812
46694
63606
79113
20923
15432
65076
76875
73510
99367
71928
63542
7887
50555
53649
57925
15123
52963
63032
75424
68487
50394
88985
81895
66462
32537
12364
72894
54632
97993
58658
58773
48597
59810
86011
14707
44183
14565
97236
51039
38788
93395
12957
33770
21818
83816
24585
34268
35966
76504
17439
86969
84477
57572
1485
48
90291
46392
29084
27776
56714
58116
14974
33927
37050
12885
26500
87401
5167
26800
38540
14777
41512
68042
60152
36199
41244
61127
14554
32486
87831
7501
19595
30297
64546
39940
33499
24761
94272
49004
68994
48453
66580
64763
42293
36839
18016
71569
58964
73439
40393
82618
46305
14542
36022
57760
84907
31649
97911
12330
19976
4184
64771
10390
51265
6418
40281
46126
46983
80599
17992
49417
53315
59330
78666
9089
44299
28808
44267
3116
90065
22249
24263
22617
47029
61682
9266
65897
20667
99789
57905
1704
15991
77446
31877
87718
74437
20410
84904
81911
72149
8574
51440
1923
17859
16425
6832
20970
78053
43551
43166
79544
87933
82364
89199
25569
27406
61017
92414
35577
68844
87773
58764
2258
36428
36579
93858
95763
78042
15172
67282
98674
32746
74241
78363
65454
74822
96208
98570
14347
51366
24096
62077
84874
66013
22186
47108
7492
7312
71958
42497
54756
17346
96423
50702
20222
58634
62628
81661
75376
1670
74724
9018
27539
69513
75477
62445
33470
85135
74634
38684
13399
75826
95134
2734
41206
65749
71081
52137
48025
54845
27646
15741
53630
73280
47646
83738
87616
45685
27421
71931
81392
96331
45774
39270
46319
64022
1198
28811
90630
39812
58346
86154
94467
84589
3214
92050
40752
63593
55308
66660
38737
99707
39461
10934
3514
90027
89398
29747
57835
56978
95553
75455
59977
29518
81655
5465
954
62581
57056
37401
47516
33607
42567
67769
74210
89468
94276
23663
58348
42268
54279
17592
11586
39565
24958
6385
73486
59431
131
99487
3923
36324
16389
54670
26413
25427
55473
47159
98118
14987
7486
2618
82002
29436
37490
55883
29864
68194
93619
70505
73694
70003
35310
23241
18240
61112
37534
50545
90380
82008
47129
14657
97837
19375
5757
62988
88945
33117
42802
58499
3273
47931
19324
53907
7742
84297
52192
1061
330
41923
3088
37283
74074
25778
25045
10491
40478
35870
54104
58812
87369
18625
91501
22108
65356
80183
83068
96828
25898
31730
59117
46531
22455
35017
54479
93543
18482
31344
32582
81547
17468
64676
69871
78338
97619
69021
59377
67922
55248
83525
97217
67763
8730
71143
34481
30390
34564
35457
34615
16643
56010
78100
99478
30938
42339
21562
13227
93467
57603
7127
91446
44097
3760
37607
54275
42826
42591
86135
86388
91154
59723
40816
13293
46524
1297
75343
41211
55730
78218
69712
79458
49828
78406
42376
82017
70444
35809
74929
12100
93106
14437
84032
88774
76108
14652
37106
5601
19869
98960
81477
98740
78590
85602
99844
72719
94491
78467
57402
89470
90356
66033
99880
28784
95331
93202
69681
11907
14301
27686
75186
77805
32465
94860
49775
22409
52750
32788
45705
65917
72674
82492
47052
35428
88572
8009
66404
22301
32659
40068
55503
30478
62016
76270
79053
66102
10149
37025
62485
65486
49617
25957
16834
41147
18908
36908
90218
5460
80813
37739
18830
51114
76379
20053
74765
78392
95983
41749
56916
61448
81321
77352
1200
21824
1370
21012
56036
69959
81166
84713
72662
60280
51756
42099
45187
99810
2166
15129
70163
99321
54027
96821
36135
10813
28524
39312
98351
36740
8380
1337
80792
3431
64064
21282
82275
59878
65989
92376
8624
4665
9697
49565
14265
79764
36242
98915
93147
44661
59139
93734
1135
51693
86861
80455
19480
29065
94074
62497
94196
42173
83461
62858
26805
44012
79901
25000
85482
64214
4935
26189
12566
26493
68803
66128
2338
16726
11847
43817
48846
75049
56104
62825
23490
26693
90616
80372
39267
56740
73993
15228
79138
48373
57007
55003
87726
82444
21827
69453
2537
79746
16419
68359
20728
68586
55063
4248
12436
55026
82351
78554
74622
57490
73545
94485
24560
50644
99054
21553
34606
17407
10268
28725
48922
57954
70270
73953
87079
13370
10679
57924
14118
63584
40381
58715
61596
26866
43938
31047
68085
53596
53263
14505
75121
42531
88265
65597
54780
88334
99861
58768
23708
10321
45303
20608
99171
20663
91478
89071
44165
93099
75420
64546
22627
89603
761
52124
44197
42890
59719
26194
45159
17897
36265
77131
63882
6769
50828
96758
81739
84007
50223
17800
77169
5132
17759
34480
1472
91848
20443
88793
41194
5715
85207
55356
30277
23263
27964
87903
53432
51237
47179
88493
40687
57259
7682
19635
80942
3983
7704
27093
91265
12691
81890
86667
30546
99109
184
12827
80212
96777
3633
39348
46940
54501
24107
46980
29456
26729
14664
65687
66296
27609
8754
32236
74928
47928
81022
85781
25279
76018
98606
39756
57250
18279
88465
86125
28994
17039
133
73972
44548
53326
50589
45299
40607
87798
68541
54223
7592
3411
39234
85944
91209
14039
43423
93123
5040
29155
35425
80038
21923
34414
49492
70512
94994
41813
38655
90178
9317
89983
6859
40590
35572
2412
75265
57514
75861
66522
92913
42577
15248
40115
84142
95063
46479
30358
65590
36518
43089
39584
39952
88762
36606
91095
91694
17941
15988
36531
67986
40319
30431
60361
52429
90526
48744
62198
89666
17550
96036
80580
41482
35038
77645
37660
7504
62375
61870
30056
45788
79049
32824
72227
17421
59651
57778
41568
23871
71311
47981
24052
32941
46264
26773
47649
49232
57272
2339
6399
6053
80275
5839
94377
81260
42090
91427
4514
93260
30940
17419
58754
29493
77952
63497
33249
55038
12119
28069
9758
22124
21841
42017
88268
59924
62175
73642
58650
92855
69105
32106
35549
40492
76683
75995
37437
86556
11400
61078
40793
54503
98379
23594
55191
43172
15518
95272
19340
69029
26058
8506
34660
52664
93521
10164
24847
36522
65739
95618
76617
74055
39771
97345
1283
26877
85773
57227
75059
2654
84334
38826
52565
31779
85928
22349
5756
14925
36825
68856
35386
1607
10575
24885
14855
38312
37186
66569
79377
52309
47309
50434
56577
41635
46891
82380
61958
63098
61066
41635
25984
61269
39471
4194
36395
9957
90374
78586
78021
80469
47971
28606
77886
55593
65594
16091
78491
25664
64279
82853
75719
96408
32731
74157
54231
72528
43668
23919
71160
2280
71864
711
58200
40549
42942
12451
30669
48306
42457
92500
85797
36416
18545
78910
42316
8525
43552
28079
29364
87843
43878
14124
63812
70007
69065
20071
77407
74546
29388
17453
81199
10764
95371
87100
31758
74964
67536
68241
37169
96428
93429
35039
2386
29841
44599
70396
30840
66329
51124
11701
229
13461
35617
55682
10523
24822
27626
71444
67308
83756
63910
35083
65022
1961
72597
31236
70679
78915
36858
33520
40234
5177
60911
91680
58173
78797
30314
4955
310
47407
36586
82546
67746
12923
6013
53995
24418
98265
98866
17177
55155
92642
95669
67661
16632
22498
51629
83494
81862
52953
87310
58787
98060
7067
53851
5401
64413
61815
48412
66817
76027
4405
31671
17320
3585
47416
15278
62826
90861
74564
75637
19577
83208
3705
31791
375
90067
12349
92772
32963
17553
85463
40673
36047
66187
24375
71244
51888
74180
89300
88450
59856
89433
94638
64590
81438
92820
69586
98216
73764
8334
60827
44648
75832
15646
33973
38054
76172
13091
51836
44720
10113
72233
38852
74375
22232
89340
99570
47254
42857
4102
58375
96431
50828
67110
19005
92964
38421
1072
41610
4927
22717
84154
19874
46175
71611
46538
44953
66511
59921
75930
82629
66245
27715
2949
63905
53300
706
61937
16943
21038
77959
7737
91509
53241
4379
90869
29704
89676
94291
76232
81318
17351
21753
15046
19901
45741
62949
99552
70665
41887
6762
27438
31963
84309
7533
34999
33237
46715
82417
73312
97521
2023
30478
77007
25889
13587
7615
27386
37234
70651
7418
84465
49226
23732
66907
78053
40912
23110
50266
92051
22058
81288
82139
93457
27201
66903
79876
74708
31842
17426
75944
19708
19774
59893
90402
11644
1040
47280
66334
45289
37150
2596
13233
95263
16441
19865
87688
55371
96095
71359
62430
70808
42336
1631
86024
40985
13629
79452
83370
40272
5100
65228
48140
86521
28056
77325
45063
342
99078
75622
78234
34487
87058
38203
50873
68069
6200
19212
39845
85868
11854
31499
34838
15875
2190
44024
94228
9817
64466
90554
72197
1566
96600
11772
37313
79083
85093
27426
53634
55439
81318
44711
43191
63894
32273
84149
53752
53368
99914
40735
21587
66876
57377
55422
97541
63239
13241
89638
20260
59173
90340
46821
23545
19795
55978
17720
89707
58278
12200
30281
69878
88251
63060
91976
99579
57756
21983
92773
42065
15468
14964
34536
2265
51855
61789
16973
20911
13881
48676
56063
30748
65458
77463
75024
1577
94210
24005
46962
83118
90111
73541
48661
78888
7119
1077
574
13992
26716
35712
55744
44616
564
48889
5337
88953
96442
33668
4171
58777
96205
98452
50550
12224
49458
92559
75375
39865
96096
87693
75711
88269
83752
29887
1211
65722
90687
82797
12411
66211
17482
18520
68568
91778
91909
46270
75655
72793
98480
86395
61453
63557
43798
48044
56574
5939
72923
61775
40215
62093
24289
8871
99603
35565
29079
87356
78317
45202
47423
15615
14580
2032
51834
91915
49924
3170
63091
44582
8454
64186
73861
29383
40102
49817
97641
10001
9997
50651
31871
54717
11003
39465
80665
26551
71202
54194
35263
1183
73570
27379
19554
16016
17116
46739
98689
42685
99126
44588
177
13814
38666
89507
57165
50666
38955
62521
72698
93511
92181
4122
33748
75164
99087
84498
85403
65472
15392
29183
54388
70700
38027
7682
73245
15171
34985
24815
86449
52850
2754
99780
5620
56817
82439
27607
54460
79849
49519
91815
96124
26768
43531
56244
24142
69488
75592
65163
93979
49255
11649
18234
58954
58535
82783
94626
64004
66236
97870
85578
33952
5646
86972
76879
5616
68828
2417
42425
39142
44297
24070
14537
13636
37491
79524
75599
11807
29181
74137
91897
55823
23503
85017
68261
47798
33716
53391
78551
90218
48001
80543
35046
17921
52757
64281
93200
35448
92315
68988
51630
32640
89324
51941
43875
65605
15154
78098
43853
43260
11080
46327
21182
89161
14333
82204
8069
95210
55351
1649
68741
56516
90355
75503
77511
93608
88395
25965
363
15713
14641
77563
11482
26268
73400
87711
56695
14964
16913
84010
21716
10266
31571
15605
99296
83070
29556
56381
8030
26588
80212
14776
93585
39717
77881
20787
10515
21129
35572
49099
84005
6526
77410
61828
21377
59024
94639
40424
30923
77541
6197
51839
92038
23243
98627
49288
57218
13825
64473
18866
81299
51743
10895
41945
14398
80963
75252
53696
29516
75800
55572
45479
20161
14244
77683
44777
57190
49103
8663
47413
25986
55148
98498
89607
63399
1221
83228
27075
94761
55751
15727
1389
37577
61223
37068
58087
18640
49615
14411
54280
53271
96874
36911
8758
42723
98183
31816
87616
79022
81357
79634
25498
24256
71100
59963
8341
83549
25819
44962
29626
17752
24612
48827
1603
60165
29352
95279
12471
16107
64160
36256
78272
42552
38513
56553
39979
96495
46203
63876
43739
65853
35902
2534
39497
79082
57546
44005
54012
746
30018
80665
74562
27955
46315
75616
53640
51912
29334
25628
30908
6964
3112
95991
98012
55923
10115
20615
36730
56042
79219
42220
6799
71767
1591
78741
66361
43939
96169
66243
96370
31187
34604
10886
54286
67934
25457
83523
69329
39065
38726
65239
15306
91118
40220
53813
67408
15211
82387
95563
89624
93655
12004
36867
18576
82047
16170
28261
9307
59119
59758
64634
34729
8924
52110
5739
53938
2302
41066
93000
17040
76699
24267
228
84278
63901
98607
29245
9360
8038
35605
67962
49944
45818
59265
77870
1746
85179
91309
18777
40293
64818
25389
67117
24183
92809
71133
30349
89411
19317
73001
99442
73082
12049
84376
58247
43795
20390
18518
44596
61808
67334
22685
25529
31663
16216
45184
67184
17865
30253
62419
55252
92490
57297
70234
60801
87950
21341
77324
17105
9141
70762
57443
92357
78018
82144
18179
8581
97014
96972
42117
95582
46243
4272
56192
72394
37456
89812
45650
56942
70377
282
92528
62460
99327
58863
22632
66777
66499
40893
47
53721
46778
95678
22092
60902
63646
71212
88672
19168
86034
85075
40816
25534
45791
34535
97584
43666
53679
18066
46542
34059
12709
70917
50008
64532
98007
39728
79435
85658
85514
77
34074
16362
6825
86167
66807
42073
5025
33208
45121
23069
89179
36863
32618
32441
18327
25297
15683
72438
98273
82518
3878
34764
21523
52372
89408
8384
14183
93945
45913
79559
60631
33841
68705
83977
33843
84216
58553
55265
21150
76009
19483
3489
66566
22965
5511
75794
73886
68240
32908
8920
75993
45861
87311
67348
38565
47561
40730
31332
62050
14381
7332
26693
88318
11821
55449
15928
63694
22469
69894
46786
4459
10724
38659
10254
42950
82168
30877
99917
36169
89641
58975
70014
82796
65026
21724
97544
28625
46281
18172
60004
89117
19888
57697
12407
22579
94660
37844
10845
76590
10499
17329
86146
33562
77130
54156
94857
8048
41388
33886
24400
66444
21087
92240
46666
19437
89873
17826
58476
57033
84664
86361
15076
7466
85286
90979
25538
72393
5531
83368
10522
62981
66901
59535
25122
11040
87074
7722
87639
37783
60310
84735
18300
71548
39960
10387
37890
54225
93078
11541
57827
15970
57018
64293
51079
14976
21652
36927
40266
50390
91382
79368
70581
27754
80543
75315
88489
35409
9391
81681
66490
80175
13593
52531
23224
27115
54198
30653
58920
27691
1974
63464
58641
53968
9298
19476
18387
39504
43069
22889
54226
9548
64793
80136
72401
89006
48453
39827
94808
67329
89140
48757
65816
96749
95865
23407
43813
99373
54942
71968
63458
6415
76052
32529
73691
35975
19557
14234
40139
7632
65445
96564
63070
65729
55687
16124
23825
64199
46636
27681
96310
28100
92022
43082
42419
3172
49818
1415
23594
14872
66292
88530
52627
78770
71957
91489
49829
43099
58135
96940
17011
47060
28273
62197
7635
37159
9061
25369
97371
52777
6455
47025
92229
74158
99449
96101
65297
14473
82497
40942
98920
30655
28348
25414
65310
67111
86843
85807
51442
66432
4012
8924
75856
53807
95620
72032
72021
59059
7031
26929
6258
4262
60426
36984
99593
91283
63392
42712
64244
5839
21041
92729
9350
1430
75481
21712
57097
14594
21932
65165
82950
24202
6311
18080
62532
89301
31010
67688
72519
11449
55137
51130
56313
84725
9930
8650
30183
44679
93649
43257
482
94346
58510
83292
37062
14480
2608
41380
60599
39384
91723
43919
41223
76781
49133
55563
49684
74970
2479
95042
15694
89389
11207
60871
80982
28711
27738
36859
4802
65117
88526
93979
96094
87215
86333
40650
31628
19683
55621
663
30604
77949
4349
50539
92566
43004
83554
10001
52228
4148
10576
32546
61773
86403
60236
47980
3148
69426
17054
91742
28447
45675
32540
84146
3723
18290
53313
88056
317
12801
26172
21339
90731
97635
2053
4083
14233
1773
93770
73862
72248
96756
62888
25755
57193
71279
13589
69693
14655
58154
54426
39304
15362
17923
35646
41651
65903
65509
74782
31194
16445
79295
76281
66086
83162
32929
7399
97915
42260
42130
44873
34751
73620
56848
71515
73666
7045
27109
7046
9230
82643
61922
21875
34604
95118
60731
25018
43504
34765
74846
4792
98915
42319
9649
94335
81419
81500
87208
13255
94105
65578
33216
52194
80494
65917
89275
98958
17483
33030
16408
39523
78388
71692
64878
59372
45599
66695
2981
92818
98463
44904
81585
89268
93800
90359
22379
82803
22750
43189
27374
11210
90463
46592
11883
44858
1993
34389
70154
57763
28361
20367
94014
57807
9633
78317
47907
70057
71477
82642
40662
80171
92659
97574
5361
98549
12604
9498
27745
46521
54323
41417
94918
47410
49217
18842
84519
21973
60803
64769
92816
76832
72433
33861
27817
34800
92107
97628
41140
62159
28130
50419
35298
19017
74656
98026
24306
11967
43829
64476
15495
59861
33151
71164
89733
33190
14677
11131
33960
82903
34352
79558
82017
70537
83606
75755
83631
61064
93349
49500
36469
80128
73401
94637
22973
59216
54458
89720
6601
92502
16933
56768
97777
18122
96756
98258
74142
66759
59821
1575
40610
66532
46020
85478
85522
41792
17422
23430
17890
9756
77763
73393
71067
54242
85006
89317
90235
18947
74645
54260
73961
33599
14208
85579
96211
86045
87752
815
64134
60635
36349
43395
90409
52031
70963
81478
68535
87947
96330
30906
20023
16751
94457
17279
25625
53881
29175
81854
42352
87655
11813
61026
35110
47005
48763
3296
47648
28658
33166
55575
57168
60005
73786
58994
80657
64845
43154
32619
99970
56974
83201
59242
93474
36039
27228
89547
22532
44807
12774
54301
5743
3232
33791
82534
53077
18997
23402
76420
39630
73837
91418
96494
16368
37897
45560
2009
47277
44178
7347
31543
25226
90123
50021
17914
53687
57478
97566
10679
73359
19314
95344
92709
57358
81746
87158
6660
17066
60457
55617
57306
97231
57202
72288
87416
54811
95756
86027
38588
4403
68529
19436
62320
98080
63944
38347
4271
15690
67121
29813
75080
60879
41054
33672
46619
37279
3169
40542
36608
78967
25343
14291
95975
65017
47780
73588
83353
78084
73521
90822
65822
90933
73552
59024
53752
82746
4296
65895
53965
13103
37195
52980
12674
19447
17453
2627
76482
70040
67888
25515
82078
96339
88410
44533
11790
91326
6952
41771
3958
26944
83356
82622
61988
94825
27953
24979
63989
47755
30543
26764
22167
43225
58650
30127
29833
49915
1285
13941
7583
3755
74628
15025
23714
21775
9567
47610
88852
42259
77218
183
64785
27298
18289
14950
75825
51649
38201
92266
7433
62696
22690
17679
92114
92606
37952
93594
62657
98320
54409
31377
92021
10797
20097
66724
37936
67937
71953
20087
96668
83404
55190
13838
69807
7583
2741
53972
65865
53586
56556
68103
96602
21380
2340
43395
30785
1264
65378
89545
46063
72873
40669
31020
75305
626
3690
22073
23980
49788
57588
31712
20075
40317
61703
9251
10772
7113
48779
81978
44210
16336
54381
27648
24395
84212
87545
50013
57448
80357
18628
42833
11573
53658
11782
41594
20063
65230
52037
52098
60506
35189
82284
58729
14437
44986
43322
47146
78757
17239
39799
48044
84813
72815
98786
79815
79551
14283
8645
31793
6509
99311
3338
85893
82680
26168
26151
48142
1658
69429
17780
91637
31711
27423
47997
8773
49965
93751
56499
64695
66212
15354
36286
54847
72704
59363
9005
81810
35228
96189
50829
20594
21457
22627
61623
38776
66205
74839
7844
73853
62814
53659
96316
38469
48413
1359
72684
35785
17799
74855
17718
37919
97558
46184
58050
76295
83119
94144
85299
81908
54405
35999
6740
48822
10427
56405
35761
18624
43110
14890
40385
76187
3664
3636
67713
40934
87705
87896
72189
26376
8856
40160
99815
99156
48384
14165
72201
45911
36158
97113
33943
78242
17470
42052
86622
42158
30957
57113
79770
51216
2488
20645
82467
4795
32692
12371
72934
48557
78519
50414
66802
27159
3492
81076
45225
38220
64260
74036
8535
74149
44879
38660
28255
91374
17579
3265
11472
87697
3659
48195
13558
64797
9592
88380
2125
22802
85805
92718
64305
53036
58588
38438
41745
80010
32046
30425
94593
60506
97096
28761
62415
54690
91753
60627
69485
30861
45487
15561
39821
15505
73338
53639
23083
98553
84328
64836
67427
89876
24544
33207
75812
41305
6250
49651
66909
94516
15387
52161
79475
96082
92046
13081
43316
65093
98542
9660
32806
81268
40272
38512
48601
70051
64413
37497
68475
93370
46510
10257
37386
94196
33232
20772
16708
73542
78246
72906
99450
95658
76334
24321
63107
29256
12092
15207
76269
58304
22658
75633
78574
45686
96817
1995
80344
15194
98265
7533
74667
2898
53324
76149
94917
9735
97153
88519
83061
4073
40597
3102
67661
10560
96492
60781
16341
33840
74804
2391
83547
62984
65194
62535
66920
59655
24726
39277
9871
25259
26898
95894
60799
30295
90984
68519
92600
37025
45081
50517
45434
80053
3577
71651
1208
79529
11256
24345
19628
6879
46908
50046
17380
25648
87178
93363
52090
46235
27523
41195
11905
62506
90155
85674
52123
19868
71173
40280
27911
71125
89177
92450
68984
48447
2616
46926
91713
87930
66583
11353
3949
46439
16439
58383
58443
45261
57637
65703
230
39590
67868
67576
29938
73386
74792
45307
65282
61814
32614
89278
63959
49304
16680
14690
78867
6201
12212
54067
52524
7879
30284
64097
15900
91390
88104
23551
30772
82355
38815
10519
99505
35261
20357
12456
49799
36608
64398
12638
76090
99031
83921
49005
59563
46045
5992
2313
21583
44248
25907
44644
57884
77123
83324
52869
72668
21591
43669
45345
15172
78837
37789
30553
30143
25298
92098
44784
85155
48224
5633
52231
77029
77845
29545
3160
50503
45881
98333
9163
57168
83761
18328
20279
81301
36803
47402
51225
90227
40198
21761
38474
80926
99496
31715
94752
43155
76443
67351
86564
38794
40285
67204
76811
48071
55522
24433
27507
18096
30848
61100
5339
30969
89879
73286
73408
44123
55451
43483
66416
68707
28959
11759
33229
65062
69728
6644
28672
29810
7627
32520
15542
26784
54764
47868
78428
55590
98868
11791
51794
78121
78470
37592
89679
56143
59454
93955
12818
50738
31998
52018
95744
52881
38455
89125
10526
18977
51312
51733
60908
36256
81590
10746
87100
72746
51041
44460
5518
77156
90558
18470
1802
91670
8958
23046
94586
14102
71802
28145
44705
64799
99489
71412
70779
44161
65792
42790
93650
86257
63469
3497
14554
83361
59344
44143
84458
37963
99471
50713
16983
72678
10196
22778
12399
76219
59293
10682
59631
29202
62528
77558
49186
23013
5912
80069
94806
27958
36432
29526
92604
84348
43851
45461
21980
15353
1454
67404
67955
52423
28651
67046
47562
97776
70283
59791
16948
75101
70038
64055
13859
28678
76706
20245
48808
6313
15862
76552
84485
65142
71578
4025
50449
11750
85629
88668
84647
22859
3234
47285
21835
61571
56872
43032
1179
30790
97973
15432
11501
8959
71998
41185
24971
25880
45142
86226
74407
30349
87440
76161
21084
47907
76050
8659
49796
30129
49112
42179
7184
58268
71106
44271
81863
81537
26332
59762
90173
7436
53512
76299
60751
52901
63593
97821
91801
6986
90926
42544
68244
80791
4570
83734
40527
41762
97260
6247
31977
71971
51344
15373
90953
58192
85697
76604
25850
29831
58009
48665
66022
36389
8918
17307
76877
44692
55371
89647
54626
24672
59072
17013
53666
80522
49959
41096
14770
2614
2781
70619
76373
68415
59160
42943
3783
29323
24339
20961
83384
50041
5523
99280
48776
24406
14293
63324
25691
36879
9015
88218
63226
26080
23615
16932
11238
36235
82540
67101
55641
98213
79959
56658
63483
59242
47653
23452
25533
4912
1132
66435
19158
15769
82495
36188
80696
27651
77208
52146
56622
29018
88770
46787
46421
7853
21568
66369
66675
2461
8380
35833
79192
41169
68592
91664
61680
51975
43851
66121
35233
30053
99105
72452
71976
88333
21585
52193
27658
50927
60532
24289
90809
92889
92895
77965
92198
1706
29749
71120
19838
70276
37837
20351
54146
24447
19419
82682
46759
79482
84861
67530
59590
54060
56420
10825
18304
8409
5149
59714
53810
3936
42395
46829
82097
96049
32131
48573
43779
56252
50228
6005
89306
28164
3473
52596
32877
48307
83788
74066
98004
94119
63120
45602
10240
84362
42795
29975
71380
74143
80406
65731
98724
89080
80131
13115
90857
34725
19010
4566
4382
16646
40527
95252
26939
29314
95036
67067
79051
71728
94551
59389
92460
56594
18807
87157
35202
11010
22664
88816
24984
69573
95281
83177
89428
46300
69054
27469
10582
65049
38767
27613
78061
80366
52444
46033
82614
61889
58979
44313
63346
53404
12720
90751
73826
61376
84776
18153
8130
47418
59505
9050
79935
12206
33217
13048
22230
29456
54274
65768
7307
76337
47455
5397
994
21878
13742
76976
38942
64101
62202
21841
39476
15321
49004
75132
90635
9652
45941
42207
13522
21588
6906
99000
51741
50910
72444
46611
66846
56087
71938
86416
62748
11762
86246
2755
76147
6019
20346
50773
98055
87538
5877
88488
86406
81452
51101
53688
54330
49651
36722
96157
87975
50869
57141
95853
8135
17562
91379
58462
34655
57910
76210
51785
46622
34847
53751
59114
31090
74041
87762
67172
85542
7181
68903
26082
81820
88088
31289
33496
35811
82752
16468
8487
8341
52737
27447
12159
71408
94405
82141
48607
56687
66322
44743
83704
92676
39580
63719
23247
28244
65532
94763
43713
41039
63321
32261
56578
25418
71171
94355
2238
16475
35071
17519
62208
99440
2619
85557
51664
87117
2467
12076
95511
74784
69708
22707
29407
71202
73646
26154
47030
173
45711
6426
22257
9621
66522
89602
12
28068
70543
89471
28047
90293
96724
71255
38605
41516
78697
96578
78470
2865
22040
24213
54412
24263
38475
76140
41411
30669
90808
79219
65570
53649
6968
18354
16086
52556
69077
49427
54277
79710
16865
76881
11471
73222
26563
6783
69201
80893
22925
60081
22820
82640
17865
71275
54018
82585
85393
32901
89865
86777
30878
31991
87287
47828
86457
33095
29973
93448
79373
74444
20305
21483
98973
20414
2467
81889
55409
45852
48465
36599
85260
52185
72910
65823
12729
37667
36573
22088
48388
20370
3283
96985
96133
86922
3066
92137
78070
57741
55410
63614
11942
65344
49075
94721
46598
62104
22349
32186
23937
50273
42160
13966
69641
23243
70631
27153
65772
9489
45375
99817
4870
70631
5286
98817
20719
91391
89007
67334
58581
82776
57042
88514
15012
12580
15791
24978
46370
4405
16179
76326
86360
163
87251
14197
46826
65948
93333
44891
82855
54537
73903
49520
43099
6040
1735
51877
7586
19915
11897
15326
77336
14813
46839
18694
97260
10796
17770
37652
36691
74504
42807
27097
95928
28470
36509
30786
83441
93761
39515
91952
15277
11966
95087
59793
16041
94170
78328
74458
20034
18146
10045
39588
7300
43406
53254
1793
1249
88428
99496
39449
56030
30821
13599
35045
23527
64301
47507
78375
90723
67724
82301
644
55970
10180
35843
21695
34002
13951
63071
18452
91729
10231
96958
21517
94237
57985
59876
53764
41479
20087
83148
45910
82663
49728
85165
3808
45512
50782
98073
57529
3940
70099
12383
46604
7690
45329
13520
13456
7067
44029
1086
57093
27829
67967
69313
45486
52775
51689
22707
16453
38179
86817
9947
78559
64305
7277
31591
76606
91680
24538
95186
2893
48791
26377
48741
59163
66922
20727
54073
70999
60904
60423
79835
90884
4433
45198
74249
41721
54949
8026
56953
30744
3128
82656
54264
24456
39201
55617
41743
75346
98962
65944
95874
65365
89442
88578
36947
52806
12485
46890
19331
60967
16829
5457
79257
86466
77386
4823
13659
58019
71293
88904
18776
1712
15562
23782
99496
12549
26972
43470
75947
10896
43490
96522
86958
10374
96231
68819
98893
48576
40671
35200
66930
6869
12541
51535
57851
31797
73058
96591
5914
59968
35217
43848
72918
39105
70237
49255
52110
87018
81987
51434
82334
82445
76500
96164
25850
4884
93131
50510
71991
83869
41565
86763
35689
52310
5358
19830
63687
89681
53887
91017
4715
45540
27237
47628
24469
60896
66518
28121
66511
82955
14621
2152
5259
93308
71309
18460
9385
49426
61361
17129
32501
95826
38242
56672
81901
42748
14226
40984
81344
22313
16837
35163
22545
57378
31551
13802
65435
21216
33144
7150
9966
46203
56780
85308
4344
8657
57776
91236
67232
98870
39103
5782
90091
27698
81618
15346
55521
77052
78830
88971
36489
24881
32022
11702
78545
40272
96097
85717
89226
99477
28615
12122
38352
22832
48150
41146
81928
47937
69729
66161
3458
81043
57239
82123
82877
23282
10065
83382
61865
30410
22885
75202
85448
17597
34392
1617
50990
45377
83217
34241
69000
34004
95496
11763
75481
11004
48477
77047
70207
48128
77988
53558
93491
85852
7678
38171
47471
62565
64676
49023
95915
25018
69116
62961
98880
46786
846
72190
72429
65160
21904
69442
34744
13072
55742
45899
25260
13301
70565
73445
95968
81824
19998
71688
12889
17671
15000
44187
20326
1792
51054
6307
45768
12384
74776
60332
44917
56980
49597
79314
27538
98747
1605
57100
52573
30590
74413
54646
32717
53325
22964
57402
1233
11576
49650
66779
72437
36454
4201
58045
12196
20149
42291
61364
70599
32335
16955
17095
15467
10438
43207
82528
93632
95148
65715
51060
15357
97297
19129
2634
63393
43705
89708
49161
94325
49977
30885
45634
34126
96718
24596
37719
34030
23707
93880
92102
60329
81757
53161
65527
21157
8492
42802
39774
51195
63376
66749
77580
68251
65661
51431
69656
47948
30957
54354
92710
89552
54137
37017
62642
68037
22420
67934
45851
10440
52195
32511
92399
71701
16637
26024
99758
27561
43963
37026
29341
71656
58555
2984
37418
49339
95831
46586
7447
94193
11869
8234
75685
77318
60491
28436
37599
71873
30634
77259
22847
95543
30468
7758
87904
15245
41826
79738
48098
94650
71750
85689
57204
5995
83969
31224
10849
14241
67987
14486
8153
49877
77693
6776
49627
15547
88580
83193
42396
98692
42085
66335
52054
43677
19023
84937
48944
82165
17761
87940
67558
22940
94145
74653
34933
1543
72886
81169
60293
55696
84803
47103
75411
47355
58785
24511
74170
2483
65047
89613
18526
14578
89529
62525
28052
13311
11098
82610
13393
5778
7727
40490
98638
2867
15265
65265
46773
54209
33486
76726
23306
76302
20317
17978
21593
49959
84477
72612
94296
3506
87673
93682
83576
97232
80281
78475
49742
95010
63416
2223
88408
48391
72894
78159
7726
56387
41018
56921
70951
54300
55325
77164
17637
58110
77141
40970
2238
80255
8804
88075
74216
75676
22205
41166
64768
64481
72955
54411
81942
72584
4318
18724
58361
2617
58851
17049
24347
63568
51966
27834
53664
51421
49975
57911
69352
99844
90078
31988
27607
99044
33228
28824
31614
29941
41111
56261
37831
27370
91986
98434
60034
55479
75551
30611
77287
70956
97202
22794
31431
12223
1603
70679
8372
45671
16719
27547
3977
81796
17964
95386
42231
84509
48039
9647
95822
76609
29724
33209
47652
73167
54481
48371
79461
97169
71568
87330
47415
76163
64063
39911
35976
54546
71165
42932
31286
65215
9723
68091
62587
87650
2036
46050
67124
13035
17931
64179
80812
53764
81472
31760
95881
87411
54990
60548
95571
19388
25060
90548
444
31650
69981
19988
72593
83022
2687
73718
74875
21096
30253
95133
77138
82914
96169
59919
75391
18165
39082
23817
18604
59075
78741
49101
44907
44251
9755
23895
55488
33050
8239
43853
30315
28207
43234
8788
72982
29687
3069
23711
57687
13831
20378
57603
88994
66632
27168
7366
14159
40541
3929
62933
38307
82784
64721
99413
25278
32042
77133
33681
44096
37969
98598
7154
61432
95211
73473
63021
53835
72081
10028
48725
95709
66303
99958
41042
28576
67128
47052
45834
43542
54087
90284
73595
89220
87488
62504
84362
21109
28996
19256
39638
60167
66436
74876
81254
55799
78172
34285
56833
48644
73249
27167
32700
20994
77621
52278
92269
69022
90903
62561
33695
21929
14008
7191
57534
95107
96647
23532
38514
46373
68815
74448
21001
72010
5590
77509
49965
49947
43590
51644
5397
61718
83145
75659
44502
23706
17741
54860
33082
75570
48263
7604
36073
8315
84787
79598
65860
32404
58810
21428
49329
46337
19884
89129
19599
56092
65549
50230
1451
1849
65548
12896
94572
66099
39502
94914
93065
94008
28586
75277
79003
61647
84941
45752
62573
92705
55421
11781
35887
8779
87867
89617
50185
26366
72706
54807
97965
96945
55244
64387
56165
49380
19507
9070
58476
21809
62804
92571
57272
74801
80400
93900
43285
7977
23149
26370
88173
80047
49114
49327
46787
65628
80911
42713
24480
69392
4402
44814
8324
70045
26038
36991
75902
60529
12542
50426
65015
56227
67072
29000
85256
28761
34596
79071
66092
37460
39435
76453
18608
65753
5741
58242
35878
79036
75643
3328
29913
64395
6179
36002
52027
51380
86577
18910
10266
64340
2546
46136
31090
97501
99348
189
79132
16227
14666
1785
28931
87652
21164
76917
55255
50290
93371
86256
17370
86558
21857
81817
35736
27330
51383
44646
47957
97418
85408
56660
77086
89952
86579
26396
14945
19156
44054
22446
34680
38340
47109
70093
10624
88077
43442
7303
6408
94414
72423
19247
45413
94230
23303
45112
96546
94698
26514
20272
95157
80692
17671
44470
43757
51786
94531
79610
19943
90554
56040
13584
2944
74672
61370
4913
41093
2436
39138
93166
45222
78883
23477
92817
97833
78584
95503
36594
37146
95094
4729
97074
91616
46725
44842
80760
62667
42822
19241
44582
89961
2085
27696
77815
17465
84218
94380
951
36951
75644
23937
70943
52405
92227
64203
78859
53226
48760
43007
70586
75844
44347
96751
23394
30906
63056
75021
47597
22012
24968
70151
37907
21868
14439
79088
54422
98149
68183
86816
45396
63833
76585
14481
73741
83578
68291
75210
43633
3214
56458
1657
59652
26117
18637
29817
32434
5926
18539
7220
49289
16101
43875
10593
69079
63953
66262
4174
50017
37131
48955
14777
56316
96881
415
68856
98124
6903
86422
49624
50007
76279
31395
20419
67461
18464
47423
34843
72791
6858
83914
34307
17345
85769
8139
36860
90788
67935
71301
89100
54700
73836
56153
84252
60579
11745
81042
69208
77361
65395
41553
39001
45681
65962
80949
37151
92561
633
6374
14456
63877
58920
73599
59006
45640
88972
58358
57244
67760
43257
41225
82800
41804
6766
65350
57228
42429
51726
59382
75767
35663
76783
22216
50001
62867
17803
17206
63123
14202
92628
9974
66420
94800
88933
48639
3145
24658
63507
33270
12868
68205
28482
65236
12637
47765
27188
27509
26126
66174
63804
18400
24887
83483
41713
76686
41186
87601
2398
95353
77826
34486
85494
71426
73460
82732
80740
6399
15496
22292
16129
78591
98489
55568
54303
15356
63030
39354
2114
98268
87173
98458
57966
37443
82142
39080
85724
72600
54227
56862
1926
65010
16175
46073
62177
47775
48476
54604
92139
29650
36383
61825
54746
85639
8734
66413
68916
55667
84673
61039
50269
10765
7382
93957
68138
27826
37551
13162
64276
91866
59686
25328
79016
81973
15072
85526
45820
81249
9679
43014
11612
85932
77234
66606
99842
1568
67959
77912
38660
31951
86849
33224
32743
97372
30724
76882
40178
7844
55853
66966
99677
69991
55455
43577
42728
83831
68696
22913
35528
62300
14898
1677
43868
4545
93381
83662
84254
75070
16362
23109
47509
61507
87386
99803
36646
4030
39540
51319
34059
8074
38110
33407
30108
54356
96131
22287
33354
24106
45051
24463
71467
7107
74856
18740
51535
87461
2620
53877
17713
22743
99832
64968
68041
5251
82192
93881
55198
88071
22442
62086
20409
16121
85509
13562
59732
6901
24086
24228
67857
72164
60301
51475
85544
85706
91030
35184
40120
46924
97019
35960
25279
92541
97831
99957
65861
72708
25254
16344
62706
92299
17577
31605
11359
49765
9093
83386
778
58461
17019
60493
53187
20696
30706
10274
16003
82823
56127
10134
84669
60619
86023
2123
30413
88164
87707
5951
61036
41976
73506
69067
85990
17021
7669
61750
14690
71427
92644
95892
85888
58465
68022
45342
80354
58970
64109
29615
40321
96747
13736
23960
34272
37173
63618
91328
30173
3105
81624
50492
21092
47189
25799
50023
52446
86577
92307
82782
75110
49286
83237
22491
72444
25332
84012
6219
2739
55550
100
67118
22949
30669
29652
93707
38150
66525
57745
17901
15061
15624
48992
94302
41839
13645
81465
84799
87390
32061
81191
65377
36943
39586
84012
44515
82561
75884
82081
88872
91385
52057
35002
10452
63123
93119
38728
13731
51475
62393
71065
52166
46393
78925
62458
7995
65426
78678
38268
89191
84267
15699
9908
94195
95841
82891
78397
47425
86004
22747
87864
11977
11002
88413
32019
44020
57519
41814
70696
4884
30058
73245
36668
60222
14795
3075
27496
94725
98801
5475
44532
49972
26024
55080
64095
42920
88255
90709
20059
65192
67832
83477
82774
20642
89304
37248
65267
88387
15806
65542
51511
72562
86545
36315
14207
10089
36113
17663
37454
80753
85744
21001
41605
69434
13946
7279
75179
88820
17102
78773
37964
31148
73553
74031
35006
56710
7064
49653
30718
43572
5507
13218
25
93424
70058
83784
37447
9948
46671
7957
79505
11955
66738
95930
42259
48235
80355
36477
53437
97962
35314
3261
58099
6050
4419
13949
48597
40523
14206
66704
60217
86843
47874
10047
16531
56260
91001
6457
14806
58026
35943
66392
96853
81759
3100
63148
35906
93661
39593
88646
67480
68192
65583
65699
40308
83678
8467
17779
25182
40547
32013
3973
35110
5197
14144
86257
84873
17056
83780
38785
83218
26471
11295
15677
36445
66921
94610
96497
75031
2660
8399
51613
88097
38984
41513
18906
48147
8242
19812
96324
14878
36227
1515
52744
68362
69757
52672
78475
97246
93754
65614
99508
16861
7816
51066
49111
20237
12965
59512
28095
8564
4883
66458
24087
29467
46488
54147
88790
15604
98260
44634
76837
45272
66816
83386
5165
69929
92032
67398
90850
10806
87780
69754
88230
20029
58945
22428
42523
51018
74631
20593
58601
96478
93086
15277
98984
23915
41666
19906
2859
99676
472
30009
67625
21297
26252
16607
79753
15207
73033
29078
65289
45206
63507
3725
70315
7573
27781
38538
81533
41784
73282
77539
56995
34841
82714
46412
75844
57557
71867
52010
79853
78861
3057
75654
76197
37804
60380
1598
85295
62152
99660
50421
25909
24514
56380
32906
34072
71368
26536
94919
78673
97914
27564
63344
86018
457
9786
26267
20254
92315
78327
89791
60689
35628
91475
66884
35341
97614
73732
89274
21587
57009
37726
65062
99898
80189
86129
25623
38143
52604
2142
96087
73130
21013
82775
88893
82520
67603
39731
2815
50474
14244
67786
44068
67818
37629
16435
30359
68277
22139
42424
41752
49385
17636
1170
33965
12588
80204
67847
85206
94710
78068
55132
14238
18461
98252
31736
71597
67259
13529
47224
81723
23902
49970
38408
87838
22251
84644
37188
11044
29040
71254
85675
4636
80837
25574
68861
73903
75294
86514
91665
14636
12080
24275
8534
18049
69277
66212
48836
1254
38526
63360
59805
58995
32492
78633
61573
93841
56298
3333
7771
41134
45459
2915
74259
30826
57371
79356
14066
46063
65605
56916
4069
17213
22145
60063
1310
66243
76031
92928
66509
91850
80757
21869
1431
68299
47080
28302
50677
50145
98426
60549
76939
61017
73841
60263
84995
32262
13472
21960
10437
17681
31252
85941
4982
9677
34525
15131
21131
58696
25943
14309
83144
68702
24276
30178
70873
23176
39848
49637
85803
26386
57616
4326
76328
15849
21663
65766
72046
17779
60615
78576
70795
65561
71968
14042
97431
26079
40985
65419
94382
15829
24728
76182
27881
92486
1775
72869
85463
21101
37437
8625
43645
14247
92414
94509
91495
6051
81969
22723
69802
7958
58980
19446
76888
3564
59389
57575
3934
64921
81127
38770
46333
15533
10007
12472
7779
67653
6875
46488
23206
58782
33982
5623
81405
18597
65018
22687
37531
62474
86714
62179
27017
37971
58379
18560
60190
35629
4127
85054
98973
77981
74717
57558
36780
60276
54568
61711
79180
89633
98474
27521
52250
13088
5853
48058
60545
59344
63703
90942
32025
22658
18991
58825
9024
19182
8720
50000
71795
65472
26297
36230
30218
35119
47982
17946
65837
16206
1310
5214
15895
58172
92722
99874
71302
60246
82543
98495
73563
22060
75688
32752
43668
70128
64324
63386
78371
21450
76167
16620
56171
99113
5919
54721
50167
28885
26542
55170
71575
84320
37102
56169
54423
29467
47942
18305
4702
49988
51976
43657
61568
1084
13892
36087
34432
54647
2604
83865
10822
81485
59653
98134
61177
2189
87719
8755
73017
93457
24209
29106
48731
76333
32908
92405
1410
1729
39066
13120
26678
81486
76667
87869
83940
27877
39388
47032
28338
42811
22748
68811
24381
66489
80380
47892
51953
2927
65795
12897
58308
26921
96523
44910
90095
88025
90124
85350
99882
39540
90434
96229
40259
1529
73245
18398
29723
89963
27077
91960
41085
16896
10696
39443
92732
80211
89922
61897
32136
98964
88104
52335
3436
58686
39217
14074
69095
79177
51297
74559
61509
47990
16338
10355
32537
20840
37410
11569
13817
530
23284
78330
36278
4043
92835
3670
88055
55102
98474
60024
95985
75230
26345
8160
44709
58615
4245
95834
92214
32
703
40324
2917
69260
19935
12301
37419
3583
15901
43481
14898
46046
46555
48641
91568
86399
72898
24631
24609
56064
23592
23143
58912
25683
47419
88985
50915
38455
42509
99122
27216
24354
98492
1722
35455
27098
96124
99385
7437
91363
23907
27035
49081
48050
33232
11123
75040
90656
36857
67355
35472
3003
75440
60665
67978
55286
82994
74237
94617
94977
47788
46631
1194
79955
906
30981
40775
48451
47517
4506
42100
98519
93127
66138
16132
84723
89734
27346
33400
78675
85883
16293
42486
88628
46167
83057
21603
300
69825
273
63133
96378
76422
66715
74423
16632
48669
60584
81617
78285
53430
46964
10835
45695
14334
7291
17894
64997
40561
72804
70287
97371
39197
72858
66921
47759
52143
55733
56670
28824
35357
92760
47233
59430
19151
63763
16747
24404
45226
39400
34897
71546
50075
90283
45054
28223
10588
6466
14674
58668
50310
56300
89206
80636
46739
7486
64155
5519
94798
39656
26607
10590
39610
39990
38715
88136
65052
65459
59771
21867
13829
65192
90810
16687
47424
70242
79530
73724
39541
7826
70205
79051
75991
28654
92004
28762
53488
38868
11649
9753
96327
29678
77674
99714
60459
28817
20157
17606
35871
84991
37114
76610
80962
31565
8834
30672
8217
11679
77354
67225
42748
92463
99964
90824
22298
82925
92906
70714
10089
69600
44847
93266
15630
32427
52708
70345
20741
88811
30844
54018
43278
56380
13053
81275
38612
69530
5147
54720
81883
51973
18675
51034
5830
86143
28193
1221
98242
45839
2558
38495
530
34536
7993
3931
90071
90979
9425
32566
56860
936
41228
87105
32860
2988
37591
8860
49232
3508
66139
88836
80473
472
95032
22948
16582
51523
28161
27367
25795
7895
64115
8013
14238
67181
36531
30043
93943
28954
47939
15661
61923
10669
54497
96839
22109
97396
84253
60137
47786
16415
24148
76128
76807
41084
29101
11097
35825
94113
56656
46961
80721
62921
73790
19336
55362
15285
7249
26229
2624
61524
52849
818
57807
58461
82095
18167
86789
17977
1730
55716
80821
32958
91995
74968
48409
67029
18279
77951
97019
18109
37122
59689
89184
4553
53458
94261
10929
25412
67175
71084
73448
60437
13708
86602
3380
31005
97290
14422
43176
66013
99194
2003
50182
24597
47173
82832
72579
76999
89210
53786
51319
41242
87978
79153
87364
79323
25956
18807
72545
58461
97512
56197
1442
31233
41834
87512
68133
11601
29989
77960
96923
12230
90746
54618
6320
18249
71044
80683
34554
56310
56024
48364
61530
99773
32286
37422
85906
96675
91494
39379
51556
23237
74570
90532
8130
31900
79967
98016
7383
69564
3126
53937
18608
69270
26357
70171
28009
28542
88653
94446
6928
48390
58711
41147
5016
92361
68944
20100
17501
32069
72175
5611
96814
8255
63839
52556
85084
69130
28381
24263
2877
97794
81360
7669
53213
28179
49247
22812
57314
55447
47187
46205
71099
45852
3307
17003
27397
79491
59830
81302
38361
85125
75857
63365
7796
784
78364
8674
7012
52367
12923
46672
90508
74920
41222
18903
25461
71775
39757
76416
64370
92888
95052
86012
62798
41082
67751
47742
70612
7310
60226
19977
41754
45319
30016
74276
13834
34939
37558
97643
34190
90863
34890
33855
98712
71826
71821
81309
75308
33792
115
54251
22123
68134
34187
66255
92349
76293
74975
35514
51769
3375
83434
54369
31092
32847
29296
54637
50596
27013
72063
75624
97007
1359
81088
5656
45045
995
96986
49001
23895
312
76643
80642
25346
92165
69220
45689
87132
5921
13416
32834
34602
80458
6784
59714
86843
47041
91414
55299
86325
72562
14604
16544
4442
75121
30193
94688
59798
63072
93375
53695
71528
9805
75700
38344
3274
75416
49994
1439
79839
72946
44885
62842
33465
43074
48313
67600
23812
86177
43110
30090
78034
67205
34993
22134
22083
68186
39408
58874
64016
32460
82865
85253
24245
79106
78679
28737
94745
50724
94578
21605
13275
32157
7035
79719
77242
54907
97417
12206
46017
11315
77970
10662
28398
20002
63010
32557
52062
89326
90961
41546
61974
74732
17124
44733
36048
40570
87234
49617
47776
65420
52817
7726
45666
87332
54125
94732
54851
25306
1700
91042
71816
81531
78897
51612
52478
90542
35314
52394
17119
9330
69832
35381
69822
35779
5644
24364
96079
41659
53096
43101
16246
96981
84953
37728
86986
57132
10623
11629
38886
54786
26046
87022
58508
49534
32564
2158
34454
85901
17655
91665
66714
33416
35914
71869
91385
31958
35964
45558
16997
57576
81502
24648
81005
3234
82687
56957
35782
58682
75686
60366
58167
17849
47754
86806
80833
26782
70161
27971
88521
14018
49220
71269
48900
13206
90923
85705
81086
10088
51818
42079
80870
44325
92183
85974
35386
28824
85175
31594
81610
14192
11541
56532
77356
88448
93086
47904
41659
10880
2012
28732
78988
82481
11340
94412
24368
38174
78110
37402
54015
6558
27241
79242
39111
57653
1128
42604
60560
97178
90293
42731
22443
13652
97216
91810
80183
35485
75277
9198
69263
49769
80359
22207
79123
33599
71172
49736
62610
83014
22007
25302
83121
12763
94828
40285
71802
48894
92612
8141
16228
93325
9901
46595
49563
65960
82524
52028
41516
59060
8554
17541
46800
66299
3209
87567
36370
77712
95009
29502
11070
18128
51915
92288
8967
23300
71849
63226
79061
37379
15775
43997
86570
97620
69427
73560
14736
20594
92925
64359
19392
520
72682
14121
64849
70555
31859
46288
10908
44551
25877
95826
66536
92386
1901
1756
3894
70364
40498
44901
2859
63528
82158
86784
59765
75732
20634
60588
12028
63252
81814
88454
19527
91390
35266
36894
488
32558
80315
67719
71525
16489
59701
29255
50340
95358
7121
44782
34290
42792
42364
95492
46288
18513
26149
69403
62778
5073
11288
87876
76501
47444
987
89565
45205
74201
95652
84680
41448
59062
71221
43030
97539
63481
20341
76354
36743
93706
78540
31003
91726
76844
43387
43865
88696
18114
48150
66961
27821
39246
6367
1763
17678
85588
71360
2769
56125
65982
66469
44490
325
81689
96371
20324
36136
27196
49545
28679
85123
10568
75858
61638
36672
60555
29379
93417
83799
91519
86071
54630
48673
94479
62405
89007
29628
23226
51738
97412
25204
40816
42169
31465
24820
14553
7276
22578
53192
39541
14021
47930
9006
48286
53173
37171
33081
29962
57576
77784
19074
10540
71420
90335
3275
37594
69724
4618
8785
7337
75133
98076
40814
6004
59924
26633
48967
6876
65009
28646
1145
4841
9181
79103
81595
37775
43115
61639
91792
78892
20510
52586
58123
50125
62775
9375
13343
30544
18873
69305
11906
21412
35964
89405
6974
48237
43753
76333
20276
16036
83640
86147
35053
20187
45412
20505
59902
11102
26280
99813
55735
73205
64025
85155
9736
42118
31167
11178
72144
96631
80240
67648
21764
98289
90091
95689
85209
20544
75598
89467
40814
57367
67541
1869
76536
41200
69392
13
67403
4497
55487
63697
61250
618
86796
96646
67340
9371
53637
5156
60243
3027
77045
52355
22154
30547
93151
9734
5426
68433
82326
61813
27593
76280
74971
86088
91312
2316
11315
77375
89623
17259
18180
68272
72039
88495
12237
53080
20427
56624
29791
17874
76572
3335
20572
31013
76872
29742
17131
45527
67518
64098
84276
67360
56089
95242
59198
19673
85671
98834
38243
99923
79188
48272
49868
2084
92984
24519
3534
76061
89209
63754
70049
44855
75710
80120
87833
75275
54482
12133
54307
74784
26449
94298
41502
25759
92242
34035
19539
9699
61841
7142
33362
685
10296
92196
73130
81555
38377
96279
38501
35128
63947
32011
39582
7095
87790
10985
81600
12537
55164
35134
99420
54598
2655
72635
79782
69496
71113
72150
95341
35147
45124
1293
28533
19088
24406
44074
2131
85537
45424
80898
92964
92495
65619
32632
77738
8823
93664
20159
96388
90995
34299
62140
4745
37068
94171
41994
79745
36237
80369
82582
55424
97459
51666
73163
80992
80417
39810
14568
38106
77360
42143
24653
67616
45764
49639
61269
69370
96185
66343
86333
15867
76252
11778
7011
11519
20982
12186
32202
62115
13731
59613
60601
44929
28481
62607
30723
88871
77732
70672
37249
99539
70662
97034
68859
88813
41276
41594
58311
42593
68131
51352
68712
70935
23193
43460
61655
36017
36425
34671
24191
39840
91646
20899
71074
62212
17720
22512
54617
79806
32669
62773
985
76019
51878
3015
337
3775
85434
1568
20560
69395
39161
78759
91203
41806
75630
29303
15836
86707
87784
18031
38574
9740
31362
81302
74421
9499
49821
74985
10835
7545
58703
84003
61812
98541
77333
77704
99091
18922
92068
73325
76917
76325
19677
65063
75635
20754
61343
16334
80214
15930
9559
10478
26939
82107
11890
71403
23958
6300
26771
75406
74514
23531
1407
33456
76118
51734
94294
65281
75972
43298
76828
41941
57307
56139
31861
65005
85948
55352
14896
89246
48777
51706
18938
88831
74985
35361
75507
4884
72681
11163
33022
55314
44445
85418
97521
7151
31555
2529
5805
87399
74856
29851
7751
27245
41956
40471
75845
9452
68577
64948
92068
88537
66393
49605
13878
13400
6493
35698
49513
20263
67794
38891
85346
394
81269
9737
14793
45876
15615
87106
39358
28366
13860
21800
82729
2056
67446
75360
67887
29689
38406
92346
83136
48981
19402
59345
45934
8170
97242
1921
35000
89398
89269
18816
78436
9033
40161
79739
90507
25203
16527
79694
26637
53034
42012
44031
32326
13529
2419
3063
57785
67784
95504
74014
83176
83876
94848
91314
95206
40844
42597
37156
4451
43415
76150
50415
44167
33669
25314
93621
32538
60320
76277
5176
23583
44494
53203
85106
31265
47542
58049
52402
20166
53229
34595
98324
92032
5980
82880
48763
16258
95472
18689
69261
33648
83645
45945
47147
59439
88239
57151
37100
92059
18447
26902
82613
88695
54351
44525
24311
18911
92402
2754
15268
43258
36731
38146
98671
91436
57744
64140
12768
88039
28586
60787
92721
9697
46460
52706
12233
51328
16414
92154
63666
9458
82549
13494
61624
99770
74688
35664
63776
12068
63842
31804
80706
38714
88391
27602
37
33551
16596
87497
21782
32888
99696
20799
68292
20539
47465
38197
88188
14335
80644
90007
79068
50147
2501
31289
24277
50891
22615
16317
58466
43124
98520
35506
26239
18089
2084
14582
69608
72078
40349
85595
7728
6842
87156
41960
58715
22465
16054
87158
36408
96015
26454
86203
88190
99121
32147
35012
96193
84078
79206
67258
305
57811
39626
9703
79344
72139
15175
26579
33422
92205
85757
29799
92099
11855
78410
79954
89480
25593
60281
26601
54034
25524
263
89929
75084
59874
55699
45945
39503
33895
91969
13195
98273
87364
23690
64865
3464
33124
18084
50860
841
61104
70986
22959
69410
90013
76424
72034
43775
84389
69253
29203
10173
92307
95276
56614
65529
12056
79897
94781
38676
26842
64413
98323
81830
14892
77742
40995
39707
41817
62831
1926
38702
46458
42039
31576
38081
45319
33312
19868
15190
42634
65966
28022
82925
87823
98073
22230
20859
40791
68345
15029
68195
40876
7246
60983
308
97903
66729
6672
54846
62925
8603
7172
14929
92016
17688
72135
84085
96530
49222
7811
98368
52620
44840
727
48471
30124
14210
22940
63365
92037
90664
4899
85809
3360
31399
61818
43742
52337
36816
98510
26756
21572
37373
32459
97479
88214
3777
71422
26481
2848
31120
96539
945
94062
92391
32442
89199
64046
29114
63933
53098
15940
95577
39756
25872
51035
15262
80225
76026
43701
72469
75552
39938
88195
53704
25886
20865
54544
69670
28195
84905
9975
67760
3049
26140
87382
80032
80804
35656
49914
95158
73596
59775
50714
2592
36693
32727
75583
81028
29712
9626
72416
16718
65034
81995
86381
87313
3362
71542
98754
79612
85304
74354
67131
29978
57905
80407
37510
36229
54231
13078
42323
23209
54045
69721
47336
13841
480
96055
402
14448
59786
23444
64374
58029
39440
1139
63590
16300
15898
13817
36847
82453
3171
89216
11598
89060
32502
80660
57603
25388
8760
36205
20958
33064
86181
89802
2069
79104
25427
91686
8375
22612
91219
3994
26779
60232
86806
99247
1170
5708
60587
45310
26396
25479
7238
47302
28022
25823
56157
90344
39632
89736
72556
43267
797
41063
63800
51815
7780
99233
27665
8024
33555
6213
5136
33505
21779
93650
43136
16754
40086
37830
7897
29432
40525
93893
87719
6776
73334
90498
57929
18599
35699
14285
92757
78249
72342
24825
65881
46564
20632
46281
96861
63456
89385
51606
34660
99453
5377
43871
1714
71345
60405
54062
68871
57405
22502
70627
60744
44970
43731
87903
80031
50149
89998
3855
24473
77749
41356
5043
39693
76629
56278
58506
82141
54674
7997
68156
55669
66
71562
19844
70064
6719
92851
23095
15129
18111
99242
27477
43439
55377
39983
29771
46786
21942
12326
85059
23866
57050
96739
91817
7608
69646
3298
84794
79187
16099
52531
83755
83876
22212
41586
6899
18270
24080
18709
22550
38772
84915
42718
81839
8639
10305
58448
12378
59895
44974
2239
36699
19870
35373
77920
13454
82844
14050
51680
83820
51557
61158
87696
14550
38327
82551
74813
70050
58592
11129
34494
10463
95900
6542
19206
35718
20827
9005
31354
77663
94529
25697
32989
59597
89992
74817
23206
56983
43520
2503
67475
27348
20470
98192
74295
76498
72850
57423
42958
83971
83738
2830
55922
12101
93812
16802
57510
82221
19017
38633
7247
16015
25509
47075
84227
76716
94619
9418
79289
78552
99270
14128
37216
7334
54218
79155
40236
25843
12280
41408
76843
80556
3728
37793
1109
80285
7105
48388
37730
43383
62604
71626
66261
87133
85127
32871
3670
56364
33661
87901
62782
40004
79698
73616
54731
59735
27940
57542
39027
19404
5710
45565
56406
90448
23174
31976
98604
36443
57574
63624
13469
57242
56872
94147
57295
82559
18346
73475
81050
65697
81808
39245
64664
49936
37417
63612
79608
14137
46538
62747
4881
87442
31671
75292
93364
69444
33504
64343
7354
36114
73960
93057
56476
81770
77952
85416
88258
2502
55186
65769
52915
78111
7770
53839
23115
61744
18191
13961
21706
74562
25375
30822
26121
30105
56824
13263
55240
15098
98435
77953
10563
80599
60778
70885
67427
64409
91898
62702
87280
47305
42116
49135
70660
80123
57662
85558
39259
78039
31207
46121
28135
40549
15879
20859
31552
91860
11988
81995
49336
39272
85201
62202
7020
3998
1713
61863
92790
42940
22265
44488
82399
68474
12644
39143
46579
83079
6016
69431
44941
30298
2805
43505
83697
30486
85158
20463
82552
55736
72624
95140
64422
63584
89039
15895
23479
75578
86560
37882
56888
64776
80993
42827
5043
68942
98677
6438
32322
30585
54595
62116
48004
12044
95742
58741
77325
92393
13472
53206
39767
19321
3823
88398
88727
99736
5313
24171
75466
4576
72732
9556
1935
2992
45910
28586
42798
13848
60955
71552
57141
63588
96941
28788
9476
3619
48390
48745
98334
49651
92889
58818
37408
41514
29878
22813
71182
58403
93004
50858
51017
65987
70312
91111
41373
7144
52476
5753
34230
88653
31323
41129
16786
32124
81665
87417
2033
70609
10288
46721
18794
87014
74613
75370
66744
83616
17416
84037
55185
41109
53138
44681
91894
94201
79913
73128
88486
1764
32151
58637
29326
20609
6777
82101
20283
77301
43363
34055
82128
84682
63041
11024
1939
35096
21272
10527
65313
73999
30282
70330
92098
75139
65881
26299
44919
44788
52195
92107
81968
85048
79467
28250
41050
43784
86168
84440
21974
63716
79447
89042
8804
67139
57692
94604
63998
97020
73286
14807
865
50762
52704
27472
43622
84255
7971
40149
30896
95208
83833
9764
70397
26169
20444
23218
29823
31221
60573
27269
78725
82107
29185
27983
45362
7696
35558
91303
98543
24486
3843
11206
24540
26086
31373
70522
11073
84223
96117
54410
50947
9898
69743
70919
59091
46425
54990
12715
62752
85116
79019
35442
90508
31376
15013
97169
22172
20453
65538
70039
1417
32234
2419
43166
55252
79510
51221
38030
6359
14134
96276
89295
39382
29806
38922
54760
32212
97134
69829
39449
5793
77779
2471
39473
82513
76502
36999
48365
84232
9685
97589
51246
90898
49340
99738
11638
47791
23856
17533
16734
84459
94424
36866
31831
6796
75368
1262
24827
57380
74187
58118
59951
90663
83308
82228
58648
41686
32993
62283
92630
14329
38229
1858
22145
79372
41616
37628
81407
43056
14534
681
27648
62882
67865
42597
75190
15241
57579
23262
83060
45417
60164
58643
74113
63732
45595
8343
71129
72800
43589
16725
2433
93780
23928
54798
61573
9436
67067
43838
25583
52956
684
40028
88294
22752
36429
72224
95457
39858
69804
16607
9990
43525
5005
70897
14724
9678
2454
84340
23593
94483
32439
22473
56705
2300
4083
27292
1740
21381
6224
6466
6650
58261
17815
10459
67141
13225
95592
22198
69291
46218
2142
90228
25351
49021
32346
36900
11787
9945
11471
22894
60572
73011
49641
88683
93930
57333
44314
56241
66859
85101
41891
84173
13907
26657
5915
78889
28657
53889
82751
23565
79977
72373
5718
13345
233
60277
19008
68081
80363
72183
66587
33225
11558
75939
47985
62624
28305
43459
961
14385
50581
16214
30120
30467
82766
60100
3660
92587
41630
40491
6725
84616
31662
28503
12232
41996
89666
44433
67441
86074
50487
12750
45
11210
81467
99976
11682
35818
90281
44779
26011
83711
1120
71077
18707
8489
92448
27776
66205
73828
76224
63116
38542
59498
31854
79253
52488
74774
51332
76916
65795
10468
22499
61121
91418
39445
46031
454
68240
59630
95591
20207
58269
90623
79775
93310
58808
67041
9052
79323
28259
11769
11467
82408
54382
15417
85886
80146
13833
4774
1060
15971
10121
46004
78916
82773
94710
24621
52438
95041
5167
15888
75134
98102
58938
13878
43493
55557
47724
7120
90678
10936
86961
11597
86194
81763
36025
7544
25041
49522
47519
15197
36214
77922
12311
60108
58189
23981
90772
26614
92195
3645
33331
31541
94978
11905
66151
68744
17192
3709
30210
76987
23459
93499
33820
24549
7595
42976
41699
52523
79356
70650
64032
42242
97742
53109
21122
32850
46643
42381
4969
24885
28300
60669
40688
62815
41000
89718
26616
82168
59290
10827
14606
90436
66806
71849
71864
33316
3208
50692
34433
91446
434
20557
11038
61527
128
2432
61628
62632
36072
43097
19336
92942
94627
98054
90779
74355
93635
3128
13504
11467
62289
86355
65732
75505
96868
91461
79960
71151
16063
36659
97157
38844
14471
39727
59438
25440
14463
94566
38715
75124
66819
82390
17287
61060
65982
668
62535
22454
65384
49835
70516
52132
15743
11385
8824
77188
10144
63571
15186
78122
6786
1841
72613
17379
56112
81348
82723
42274
4961
58380
91697
89816
16374
78758
2680
38012
2255
14243
69448
49610
63018
81076
11368
89160
89817
25440
97662
74243
8958
57720
27767
40120
68038
43746
39060
96782
34400
36017
50098
20737
18585
76022
62036
6170
9941
89680
20623
17273
26763
29438
50866
46709
45245
81077
25327
55738
95699
10382
26443
35537
12499
32727
30430
99613
27679
47145
10790
2145
44972
81273
11023
92736
42586
89320
32311
47388
58292
14037
87233
13312
47878
31027
77241
30297
72374
36597
56414
19103
81057
91237
2065
23185
33363
11444
63961
67390
47906
80011
92688
73632
47047
44960
73389
32355
51642
48741
72623
91076
17577
27483
33698
96820
14836
6852
11153
3836
16840
29557
90537
20922
22487
32266
31238
15113
79664
77587
828
2271
82304
34604
41348
1199
90437
7883
97025
69455
70059
10258
12974
22933
60069
23365
46726
60026
98601
25685
65935
81216
67624
1531
12515
30384
85704
53728
49757
45468
73601
32697
77725
10051
57808
41072
80248
72370
85339
52989
24223
17704
25474
3699
23081
44626
1470
39415
37760
97301
23257
71084
1830
47083
95529
74026
23873
19108
82730
40109
66602
62573
28279
42473
33454
30542
32805
77146
5119
45966
42268
21146
11130
13585
15731
1836
14389
4705
37255
24598
24933
66794
75287
78731
87049
61183
24927
91558
14167
