12
97
39
5
9
204908
55
631
1
56
4497
567092
7296
847
1
88372
66691
698
71
22721
377901
992791
16079
5278008
0533
028
350
40
35800695
8442
58
911721
70
4
08
234
24
6201
94
660
4653
7
63
3357
10489
07
102
47
466
0082
9
79
0848
57
7
1
9874
83
1612
131494
170
3845
291
53945
7
54
392469
2
07
120
68
36
396
56
581084
8
327
6
404786
08
145
296263
299081
5
01827
640
7283
3
8997
0405
4489
20736
6
230
8889
0865
3
4
64
590262
131
09
74
6642
0148
0
00
936
2
19547056
8
5
51
908
481
92
97
206908
584
57810
12336
3
806199
91
0315
84147117
77
252
57
46
1
4216
017
1
76
5729
01341
16
055
23
362
18
31
355
688876
716025
19
974
01
7
035807
0057
5
625
6
625866
6
105
94050
92061
3
13
1103
6469
460
5305
3788
1
1774
70512
188
193
4634
111
29
68237
7338
109282
980666
195
408
212006
234
74
661
8884
728
35358
131591
41045043
1
5
923
26
18993
9342
556783
0
4
73
5776
4179
32
357620
956335
38475
9069
73
652
9
486
98
46
14
9125
783
650
71
8
92
270
839362
3511
8713
3
20987
849
93
1786
9973
6
272
56
8
44
79
2
98
455
107
5807
3337
56
631
67
776
06
732
0
2623311
789
0956
95
83750
99682
81
97
49
455167
829
890
178
2781
877714
45603
72
8499
92847
326
33896
471
0
55373
117
40
0210
461
1
402
8569
49
4698
0455
10
95
67540
69401
958332
181
47
502
673
477307
410
21
9356
747103
5199
7
68
990809
27807
57
7
2136
02
40
888
5
3973
517221
2474
30
4776
39
319
337
5964
36
312131
1
296
8
2506635
13720
0425
44
477
61
09
0
718
83
74191
7
151
8
124
7869
20702
529629
22210
45566
6929
4669
5961
8
244
55
49
76
066
413
055302
40
6
99
9
13
5251610
20
4783
14601
7655
6
17
95
670
524470
5581016
7
3741
5
673
002
6
97061
233
0013
2
676
3222
2634
9578
732
7369
9936
51592
1685
8374
6
5346
98
01060
60
822022
6
6694
701
607
707
444
010
55
194
3
91
36871
9
908614
643
00
50238235
398
54
6
904
598609
0
7554
0012
102
433
691
84
451
4
3
60
4362
64
62067
61
105
9
9193
319
96974
04
2
7
694
17685847
8490
10778
04
5
09562
39868
562
90
59
5075
92
84618
11
67
3
055
85
6514231
632
6065
5036
1426
23
39
753
3719
4
54060
9858
96020
2
6
2
0
079
448
07
32100
0365
923
83
5500
00699
5
02
9270
0
921
44783
90953
79108
76
3918
37
3
994
44172721
0
545
402121048
0869
513
6631
9266
242
51147
29
6245327
7213
6279
2147
1
61
274217
2
1996056
9996
85
9606
06
352
349
554
409
60379
1
3
563
8
394
01
56054
1170
3951
20
010
0201
092
53
0
09885
66
7319
008
2905
00
076
682
250
34
31
9
50345
216
78384
0
9745
755
41
9349
49
4
120613
582
14219
1305
58683188
9166
19372
42
32996
1386
47797
4137
9
5518
3
984
0
76
49
22
1224
117583
7
3545
7
7651
285
0
7
82615
316
1
673
372
25708
2
3
4105
963
6
90
833
7
5
0304
96
558
0
78827
909
17
838
35
5
3377131
309
553
626
160
00788
493
71
99
162451
794
16
66120
753
88690
7582
55
181
514
0
488
904
3
13
372
749
68517
9067
45966
5441
58
44663
35
82
7
45
844478
584
898
8
177
107587
6941
86
46623
4849
61
7
8498
1
4685
1872
2817
1
00
945944
9332
29
340
85
7
587
103
4
53093
9273
8
4
9510
33
8178
6997
748
006
098
51
332
195
75
83
049948
156914
848
7
673
2
88
47
481
3
566
92809
45713
40
7015
750061
31
05
228
78
0884
6
41
65
990
11
8
11
491
54
1674
152
0682
927378
6215
944
62936
04
317
4749
534115
2
504
9
542367
3
7
910
988
8004
77
84
87
14
754780
03587
63
672
769
4
716
5
321
38
8112
87
69552
5
15
738
4
1886
84
036
58016
69
598
89938
7
3
34
886
34
038818485
1498
5786
70
37312
7
9072
92335
1
968
6151405
125280
9608
834453
4956
685
23
62026
20
4014
45256
8
25
12523
71968048
855
846
530
6
509011
666226
7952
409
719971
13
711
61094
80424
4
20129
2593
276557
2352
6130
7404
9950
754
402014
01
70525
750396
4
346109
95
6
7065033
26444
8900
49
0608909
0583337
53752
6435
6870687
90
728434
593
1681
52829
314
8
27
51
6
011
9
374762
33
55
241323
07980
45464
31
649
167
03
52571
12289
65
00
02
285
0
8244
62764
4
59644
3
765
40826
837
6787371
78
90
83
124
952
8
967
45047
3
423
224
12
3
14
2
594
205
7865
61
698
00850
1
598
97
28316
84
724
077927
25281
1971
0384
437
8527
9155
